180
348
555
611
693
1034
1186
1265
1325
1502
1613
1679
1693
1985
2037
2102
2321
2435
2445
2557
2558
2725
2774
2909
3133
3262
3310
3326
3474
3606
3622
3843
3864
3912
3970
4006
4105
4194
4307
4509
4555
4748
4763
4772
5181
5198
5199
5359
5464
5535
5677
5750
5839
5908
5938
6030
6664
6820
6960
7145
7246
7249
7324
7414
7770
7995
8005
8054
8083
8137
8205
8370
8490
8577
8797
8850
8905
8942
8996
9144
9347
9477
9673
9683
9697
10098
10514
10526
10884
10939
11192
11251
11393
11550
11698
11776
11848
12009
12077
12107
12181
12301
12314
12340
12380
12387
12629
12664
12953
12992
13227
13238
13243
13434
13619
13654
13736
13895
14755
14805
14827
14907
14999
15097
15145
15244
15375
15417
15954
16313
16354
16395
16896
16978
17243
17544
17575
18134
18160
18444
18651
18832
18942
19254
19433
19467
19503
19701
19809
19887
19973
20015
20178
20267
20268
20573
20574
20640
21027
21053
21054
21171
21210
21264
22089
22310
22374
22480
22495
22772
22788
23253
23298
23311
23320
23326
23443
23473
23718
23735
23745
23769
23807
24355
24505
24564
24675
24981
25189
25318
25836
25986
26273
26607
26731
26807
28726
29258
33197
34572
34622
36611
37171
43919
80694
80861
84874
93280
103204
108562
108634
109821
113363
135645
136864
138392
139834
148818
149288
158015
164471
168380
178030
210027
210666
217728
218671
220841
228293
234465
235612
237555
241645
243580
246262
246309
249993
252449
253762
253785
257958
268984
269100