9
58
83
88
89
105
115
157
160
173
180
198
234
236
238
252
263
280
281
292
306
309
315
327
331
334
343
348
360
363
366
381
394
403
408
410
416
418
419
438
447
448
461
466
476
485
493
494
502
513
514
518
519
522
524
528
533
541
555
558
568
575
584
591
594
595
608
610
611
617
619
625
663
673
679
684
687
693
694
699
700
704
731
736
745
751
762
763
772
780
820
823
834
862
865
867
881
892
897
898
913
926
955
956
965
976
977
979
1006
1022
1029
1031
1034
1040
1043
1046
1060
1061
1066
1074
1110
1122
1126
1131
1137
1154
1155
1166
1169
1176
1186
1194
1202
1204
1215
1227
1228
1243
1244
1250
1253
1260
1264
1265
1280
1297
1303
1306
1325
1354
1366
1373
1377
1386
1393
1407
1414
1426
1433
1467
1474
1488
1489
1502
1543
1545
1549
1552
1555
1569
1582
1591
1596
1608
1610
1613
1628
1636
1649
1651
1663
1675
1679
1693
1695
1705
1715
1729
1748
1789
1797
1811
1834
1847
1862
1869
1893
1897
1909
1913
1915
1916
1932
1937
1942
1951
1953
1960
1984
1985
1989
2000
2013
2020
2037
2054
2065
2091
2092
2094
2102
2108
2125
2133
2141
2144
2145
2148
2156
2163
2172
2180
2184
2186
2187
2193
2197
2207
2208
2212
2222
2242
2249
2275
2280
2287
2289
2292
2294
2304
2318
2321
2331
2344
2349
2351
2355
2365
2370
2397
2404
2409
2422
2426
2434
2435
2438
2445
2446
2453
2468
2478
2483
2491
2494
2498
2503
2516
2523
2542
2549
2552
2557
2558
2562
2566
2572
2584
2593
2600
2623
2638
2660
2676
2677
2695
2710
2717
2719
2721
2722
2725
2742
2749
2758
2774
2792
2795
2796
2798
2811
2812
2815
2823
2839
2847
2852
2864
2865
2867
2877
2895
2897
2909
2935
2940
2954
2955
2962
2967
2974
2977
2985
2989
3000
3021
3023
3043
3048
3057
3063
3069
3078
3091
3108
3113
3125
3133
3142
3168
3175
3180
3188
3191
3201
3206
3215
3219
3221
3234
3235
3238
3262
3265
3272
3277
3306
3310
3318
3319
3326
3348
3360
3364
3371
3384
3394
3408
3441
3474
3489
3490
3523
3529
3556
3569
3576
3606
3610
3622
3630
3665
3692
3705
3734
3741
3752
3756
3760
3768
3773
3775
3791
3797
3834
3843
3844
3864
3881
3882
3891
3892
3907
3912
3936
3942
3970
3973
4004
4006
4008
4014
4031
4032
4041
4055
4078
4101
4105
4109
4113
4114
4120
4124
4151
4159
4175
4181
4193
4194
4195
4236
4240
4256
4265
4270
4302
4307
4350
4356
4369
4372
4378
4380
4382
4384
4389
4394
4396
4406
4411
4427
4451
4457
4486
4487
4509
4515
4555
4566
4567
4607
4610
4612
4618
4623
4635
4640
4655
4670
4671
4678
4681
4697
4700
4709
4713
4724
4725
4734
4748
4755
4761
4763
4767
4772
4775
4776
4779
4781
4787
4788
4797
4799
4808
4809
4821
4864
4871
4884
4885
4917
4924
4925
4928
4965
4988
5016
5024
5036
5037
5040
5049
5086
5088
5094
5098
5106
5110
5121
5143
5153
5159
5160
5181
5185
5188
5189
5191
5198
5199
5208
5211
5220
5225
5229
5230
5238
5254
5258
5263
5265
5267
5273
5274
5276
5279
5284
5303
5308
5312
5333
5358
5359
5376
5401
5403
5419
5436
5440
5442
5451
5454
5457
5459
5462
5464
5468
5490
5503
5535
5541
5548
5563
5571
5576
5578
5583
5618
5627
5639
5643
5659
5677
5687
5705
5719
5729
5732
5733
5750
5754
5759
5765
5766
5767
5784
5797
5798
5812
5835
5837
5838
5839
5841
5856
5888
5892
5897
5898
5908
5914
5926
5938
5958
5962
5973
5978
5987
6006
6015
6030
6046
6053
6058
6061
6070
6074
6094
6109
6136
6147
6148
6152
6164
6177
6222
6243
6251
6254
6280
6282
6287
6288
6289
6291
6305
6329
6349
6352
6362
6370
6378
6385
6391
6396
6398
6402
6414
6429
6467
6483
6491
6519
6553
6580
6581
6582
6590
6596
6603
6634
6664
6705
6707
6713
6722
6731
6738
6748
6768
6769
6795
6796
6807
6808
6815
6820
6826
6833
6838
6839
6843
6847
6851
6865
6870
6883
6885
6900
6929
6940
6960
6969
6972
6976
6980
6992
7018
7033
7042
7043
7054
7057
7064
7074
7078
7085
7086
7089
7103
7114
7117
7145
7152
7158
7188
7209
7246
7249
7282
7292
7297
7311
7314
7323
7324
7325
7352
7364
7376
7380
7402
7408
7413
7414
7459
7462
7478
7489
7534
7537
7543
7546
7550
7564
7583
7587
7599
7600
7620
7665
7668
7674
7701
7718
7724
7741
7742
7770
7771
7776
7791
7801
7808
7826
7835
7852
7858
7860
7869
7885
7901
7907
7919
7925
7931
7966
7968
7978
7979
7995
8003
8005
8032
8042
8054
8073
8080
8083
8085
8097
8102
8115
8136
8137
8167
8198
8204
8205
8206
8212
8216
8234
8240
8247
8253
8260
8270
8277
8278
8293
8297
8317
8331
8355
8364
8370
8382
8409
8429
8435
8440
8487
8490
8513
8516
8517
8518
8529
8531
8543
8545
8546
8556
8561
8565
8569
8577
8579
8581
8601
8607
8618
8623
8628
8629
8651
8652
8685
8695
8704
8705
8706
8728
8729
8748
8751
8754
8755
8771
8790
8797
8814
8816
8821
8849
8850
8853
8857
8863
8873
8878
8882
8905
8907
8923
8942
8947
8958
8965
8972
8986
8989
8996
9000
9013
9045
9050
9070
9080
9088
9097
9099
9108
9114
9126
9128
9130
9144
9157
9161
9169
9173
9176
9185
9191
9203
9205
9214
9218
9229
9230
9255
9271
9311
9322
9336
9344
9347
9352
9362
9363
9369
9372
9374
9382
9416
9421
9428
9430
9431
9437
9438
9445
9461
9477
9501
9511
9513
9530
9533
9554
9560
9602
9624
9648
9649
9653
9656
9668
9673
9683
9685
9686
9689
9697
9699
9700
9709
9719
9731
9774
9784
9795
9807
9819
9838
9844
9846
9850
9853
9858
9879
9880
9897
9912
9926
9927
9929
9941
9946
9962
9964
9973
9986
9990
9992
10002
10004
10007
10033
10039
10041
10051
10060
10085
10098
10111
10117
10123
10131
10134
10148
10167
10185
10189
10229
10233
10271
10288
10289
10298
10300
10301
10303
10306
10308
10351
10358
10363
10380
10385
10389
10395
10415
10457
10458
10499
10514
10525
10526
10564
10569
10573
10577
10589
10595
10609
10620
10637
10645
10653
10661
10664
10665
10667
10674
10682
10711
10717
10729
10734
10751
10756
10786
10790
10808
10812
10818
10819
10822
10829
10839
10848
10878
10884
10900
10906
10939
10941
10950
10952
10977
10982
10984
11001
11002
11023
11033
11046
11051
11064
11067
11101
11116
11117
11127
11138
11147
11167
11183
11192
11195
11201
11204
11206
11233
11240
11244
11249
11251
11262
11276
11278
11279
11281
11287
11299
11320
11334
11353
11372
11393
11424
11429
11434
11443
11444
11490
11520
11522
11526
11550
11561
11567
11568
11569
11572
11602
11609
11610
11636
11637
11646
11647
11650
11662
11667
11672
11682
11698
11714
11726
11755
11764
11767
11776
11777
11786
11787
11788
11796
11797
11817
11826
11827
11848
11849
11880
11889
11901
11903
11914
11925
11959
11967
11984
12009
12011
12020
12031
12072
12076
12077
12106
12107
12117
12127
12156
12171
12172
12181
12194
12196
12220
12226
12232
12267
12269
12274
12278
12286
12298
12301
12314
12327
12340
12364
12365
12366
12378
12380
12387
12402
12413
12419
12425
12427
12430
12454
12470
12487
12494
12497
12498
12531
12538
12549
12557
12591
12607
12629
12646
12657
12664
12676
12678
12682
12683
12703
12706
12710
12721
12725
12728
12742
12750
12778
12803
12809
12819
12838
12855
12861
12866
12869
12872
12888
12892
12912
12924
12929
12938
12945
12953
12955
12982
12986
12992
12994
12995
13007
13020
13025
13057
13061
13066
13071
13072
13073
13075
13084
13100
13101
13105
13113
13127
13142
13168
13170
13188
13197
13202
13204
13213
13227
13238
13243
13244
13279
13288
13290
13297
13299
13327
13348
13361
13375
13381
13392
13395
13398
13423
13426
13434
13440
13479
13481
13489
13503
13544
13548
13565
13574
13589
13604
13610
13619
13622
13651
13652
13654
13657
13659
13661
13666
13669
13673
13680
13686
13733
13736
13764
13775
13778
13824
13875
13882
13886
13895
13970
14007
14053
14058
14066
14067
14076
14121
14134
14136
14137
14142
14169
14186
14190
14218
14231
14241
14266
14287
14292
14318
14329
14352
14358
14359
14375
14390
14414
14435
14439
14506
14537
14538
14542
14576
14605
14616
14617
14623
14633
14634
14638
14659
14661
14678
14694
14723
14730
14755
14771
14799
14801
14805
14816
14827
14839
14866
14894
14907
14918
14999
15045
15097
15102
15106
15110
15120
15145
15166
15183
15244
15245
15287
15295
15316
15333
15361
15366
15375
15417
15470
15486
15525
15554
15571
15574
15595
15620
15677
15698
15721
15722
15724
15740
15747
15758
15759
15782
15806
15817
15852
15893
15906
15908
15954
15959
16009
16032
16070
16083
16113
16161
16173
16185
16226
16294
16313
16354
16361
16395
16411
16467
16570
16604
16608
16640
16751
16776
16843
16896
16921
16935
16978
17080
17215
17221
17243
17255
17322
17544
17575
17605
17611
17624
17625
17659
17756
17835
17905
17931
17980
18007
18018
18028
18077
18110
18112
18134
18160
18177
18236
18256
18264
18290
18294
18357
18377
18444
18562
18651
18659
18660
18738
18806
18812
18832
18911
18942
19005
19018
19087
19117
19172
19181
19241
19245
19252
19254
19273
19278
19421
19422
19433
19438
19467
19500
19503
19553
19609
19646
19654
19675
19682
19693
19701
19702
19710
19723
19741
19769
19794
19809
19887
19897
19907
19923
19939
19973
20015
20033
20103
20178
20216
20267
20268
20297
20364
20371
20424
20469
20531
20535
20573
20574
20584
20596
20640
20649
20816
20825
21027
21053
21054
21098
21156
21171
21210
21222
21264
21313
21314
21398
21491
21609
21616
21625
21729
21767
21810
21836
21861
21873
22089
22096
22112
22172
22232
22268
22310
22374
22414
22463
22480
22495
22565
22655
22685
22717
22719
22751
22772
22788
22834
22856
22895
22936
23169
23242
23253
23298
23311
23320
23321
23326
23363
23398
23443
23473
23487
23558
23571
23606
23645
23647
23653
23677
23680
23684
23687
23703
23704
23718
23735
23736
23737
23745
23769
23777
23807
23825
23831
23865
23881
23900
23945
23981
24028
24143
24146
24150
24155
24186
24196
24213
24240
24269
24306
24319
24338
24350
24355
24377
24379
24399
24438
24457
24505
24540
24564
24675
24693
24822
24891
24943
24981
24990
25031
25047
25086
25172
25189
25200
25225
25252
25318
25360
25462
25516
25537
25543
25608
25681
25836
25853
25909
25911
25963
25965
25986
26005
26023
26094
26148
26212
26273
26407
26574
26607
26668
26731
26807
27009
27158
27364
27428
28726
28956
29258
29610
30061
31070
32862
33197
33589
33867
34247
34572
34622
35732
36611
36623
37171
37515
37623
39233
39487
43919
53191
55298
55810
59269
59990
75651
78514
80694
80861
84873
84874
88399
93102
93280
93975
99195
100145
100260
103204
104513
108562
108634
108812
109137
109641
109755
109821
109912
110437
111203
111649
111999
112047
112160
112190
112316
112694
112703
112933
113004
113235
113277
113363
113436
113858
114759
115088
116708
117025
118321
118931
119863
122548
135645
136772
136864
137245
137373
137470
137535
137651
138067
138392
138488
138748
139834
140575
140994
141179
141226
143007
143130
143346
145014
145198
145365
147865
148694
148698
148728
148775
148818
149002
149010
149224
149288
149524
149570
151979
152542
153293
153880
154751
155584
156146
156968
157634
157965
157979
157994
158015
158129
158445
160887
160922
162148
162216
163978
164370
164374
164471
164575
164723
164851
164980
168380
168498
169189
169651
177451
177493
177759
177766
178030
178167
180760
181084
181288
182920
183899
185112
186131
186192
199040
207078
210027
210356
210496
210560
210666
212761
214670
217728
217729
218270
218560
218569
218671
218795
219026
219097
219418
219983
220326
220395
220448
220546
220841
220925
220954
222571
222575
226923
228293
229215
229765
230346
231068
231402
231458
231840
231978
232116
232459
233500
234152
234465
234760
235130
235612
235967
236111
236295
236418
236729
236880
236943
237100
237107
237370
237379
237455
237555
237719
240532
241039
241143
241622
241645
243580
243892
244795
244894
245269
245287
245328
245451
245884
246181
246262
246309
246371
247527
247659
247979
248990
249092
249993
250001
250473
250815
252449
252812
253762
253785
254010
254117
254131
254165
255060
256118
257574
257958
260870
262737
262784
263674
264081
264217
268812
268984
269100