555
611
1034
1186
1265
1502
1613
1693
1985
2037
2321
2445
2557
2725
2774
2909
3133
3262
3326
3474
3622
3843
3864
3970
4006
4105
4194
4307
4509
4555
4772
5199
5359
5677
5750
5908
5938
6030
6664
6820
7145
7246
7249
7324
7414
7770
7995
8005
8054
8137
8205
8370
8490
8797
8905
8942
8996
9144
9347
9477
9673
9683
10098
10514
10884
10939
11192
11251
11393
11698
11776
11848
12009
12077
12107
12181
12301
12314
12340
12387
12629
12664
12992
13227
13238
13243
13619
13736
13895
14755
14827
14907
14999
15097
15145
15375
15417
15954
16313
16354
16395
16896
16978
17243
17544
17575
18134
18160
18444
18832
18942
19254
19433
19467
19503
19809
19887
20015
20178
20267
20268
20573
20574
20640
21027
21053
21054
21171
21210
22089
22310
22374
22480
22495
22772
22788
23253
23298
23311
23320
23326
23443
23718
23735
23745
23769
23807
24355
24505
24564
24675
24981
25189
25318
25836
25986
26273
26607
26731
26807
28726
29258
33197
34572
34622
36611
37171
43919
80694
93280
103204
109821
113363
136864
139834
149288
164471
178030
210666
217728
218671
234465
237555
243580
253762
253785
268984
269100